%YAML:1.0
x: 81
y: 7
width: 766
height: 589
