<?xml version="1.0"?>
<opencv_storage>
<Distortion type_id="opencv-matrix">
  <rows>5</rows>
  <cols>1</cols>
  <dt>f</dt>
  <data>
    -7.54600242e-02 -8.37902784e-01 1.52163580e-02 2.13641394e-03
    1.21131563e+00</data></Distortion>
</opencv_storage>
