%YAML:1.0
transmtx: !!opencv-matrix
   rows: 3
   cols: 3
   dt: d
   data: [ 1.0013071895424843e+00, -1.1107786782385554e-15,
       -1.0588235294128001e-01, -2.5015390149943362e-15,
       1.0017006802721098e+00, -1.1904761904791054e-02,
       5.6428276154897421e-19, -9.2673345363500966e-19, 1. ]
